0 9239
0 776
0 1799
0 869
0 900
0 1210
0 2047
0 6263
1 3752
1 3566
1 9673
2 249
2 1954
2 2636
2 1861
2 12215
2 683
2 993
2 3907
2 5798
2 4155
2 6170
3 3225
3 2822
3 2481
3 1954
3 9828
4 94
4 8278
4 2357
4 7844
5 2574
5 5457
5 621
5 1892
5 466
5 4031
5 6821
5 187
5 2729
5 2667
5 4775
6 2574
6 1923
6 5178
6 962
6 8216
6 1923
6 5302
6 6139
6 1
6 5767
7 3225
7 94
7 9115
7 3287
7 3938
8 94
8 807
8 32
8 1334
8 497
8 2915
8 1768
8 8030
8 4527
9 4217
9 15160
9 32
9 8836
10 2760
10 10882
10 7782
10 993
10 3535
10 4372
10 4217
11 838
11 1334
11 1365
11 5705
11 3535
11 6914
11 1024
11 3380
11 5240
11 1613
11 1334
12 2078
12 962
12 156
12 3101
12 1985
12 4217
12 4155
12 187
12 8743
13 2016
13 4000
13 9053
13 3504
13 9549
13 3349
14 1830
14 4930
14 2884
14 5953
14 8030
14 2202
14 373
14 3380
14 1086
14 1365
14 2171
15 1675
15 63
15 776
15 4744
15 1
15 4713
15 1024
15 2140
15 125
15 4465
15 373
15 311
15 2109
15 1334
15 1799
15 5953
16 19531
17 4992
17 2419
17 1737
17 249
17 1768
17 11533
18 249
18 5302
18 1396
18 1520
18 6139
18 2109
18 4930
18 342
18 6232
18 6511
19 1086
19 342
19 497
19 218
19 12153
19 6511
19 652
19 2853
19 1644
19 4155
19 466
19 8216
